0,1,2,3,4,5,6,7,8,9,10,11,12,13,14,15,16,17,18,19,20,21,22,23,24,25,26,27,28,29,30,31,32,33,34,35,36,37,38,39,40,41,42,43,44,45,46,47,48,49,50,51,52,53,54,55,56,57,58,59,60,61,62,63,64,65,66,67,68,69,70,71,72,73,74,75,76,77,78,79,80,81,82,83,84,85,86,87,88,89,90,91,92,93,94,95,96,97,98,99
74,2,61,28,0,41,72,35,46,97,91,87,16,40,27,89,85,77,84,69,55,51,42,20,15,62,86,92,30,8,47,60,1,80,17,51,84,53,23,62,87,84,82,22,57,53,37,16,55,60,43,70,15,4,85,25,4,37,8,89,62,85,76,51,14,28,67,98,67,0,6,26,26,99,87,36,85,30,41,17,86,72,77,23,66,20,0,17,41,41,90,50,22,35,5,56,47,46,85,39
12,32,2,83,94,84,3,88,14,97,48,48,83,20,49,84,88,99,38,49,84,47,89,85,62,39,38,36,49,25,62,65,24,91,14,93,81,66,33,76,71,2,87,8,3,37,26,86,72,80,47,32,15,37,16,36,80,45,62,77,39,81,72,93,1,41,45,55,16,64,90,88,40,46,4,18,49,4,80,87,42,46,82,61,35,59,87,39,12,15,54,72,1,59,36,34,73,1,61,78
93,85,60,23,64,44,25,60,55,27,71,29,55,8,81,22,71,51,26,83,96,46,53,79,3,54,69,33,52,69,33,89,89,50,83,52,65,19,46,47,66,85,1,35,38,48,27,57,34,40,48,16,79,82,85,92,80,64,81,91,50,74,48,75,82,49,8,54,38,55,58,89,32,48,43,20,88,75,59,25,86,77,92,84,69,3,64,84,42,54,59,68,27,53,66,2,54,97,43,31
48,63,47,46,42,83,33,14,25,18,98,85,5,84,74,31,42,42,99,58,4,83,9,30,5,52,67,12,94,57,69,35,79,15,34,6,92,13,45,21,97,74,0,62,97,65,47,46,73,93,42,21,59,69,60,64,17,44,72,79,35,6,47,78,23,37,53,77,22,73,55,72,17,37,96,48,84,81,49,54,20,14,75,30,78,79,18,29,29,88,23,20,73,15,66,23,27,3,51,92
79,22,42,41,88,36,22,10,93,11,37,72,48,9,29,61,54,63,47,39,41,42,61,77,57,42,61,18,49,52,7,12,45,89,77,58,69,35,40,65,48,41,73,47,81,81,13,23,10,94,45,75,55,52,18,55,97,95,64,91,34,23,75,5,72,67,72,47,51,37,87,66,65,36,12,92,48,78,45,31,88,13,81,1,73,93,7,28,17,62,66,87,77,9,71,35,18,6,80,4
33,17,82,31,36,29,11,16,95,20,94,88,87,51,76,47,49,46,30,31,16,11,26,54,26,74,47,72,15,99,0,76,16,63,62,71,27,62,52,29,20,77,30,57,27,0,67,75,49,28,32,83,87,3,60,87,33,75,22,81,60,47,14,59,45,41,27,73,84,43,14,71,43,74,32,74,8,69,24,42,6,24,0,6,29,74,64,29,15,67,30,94,39,61,53,77,89,86,39,38
66,57,89,18,2,26,68,25,47,58,16,84,1,50,14,49,6,19,41,5,35,45,20,45,32,32,5,86,38,31,55,65,9,66,62,87,37,85,32,37,92,37,5,24,22,58,20,32,7,51,24,2,92,15,39,59,91,3,75,21,3,78,84,23,34,38,42,85,4,6,89,10,80,80,83,90,19,16,54,9,36,40,26,2,88,30,42,55,44,25,44,49,25,38,6,30,18,29,7,59
27,50,70,9,19,85,70,77,68,29,10,54,92,81,75,35,94,10,83,66,7,53,18,51,22,41,1,95,1,31,54,75,44,23,52,91,64,0,51,10,74,69,5,52,59,93,82,74,31,47,72,6,21,32,73,61,86,79,24,9,92,91,10,51,75,9,83,53,67,39,17,0,38,8,4,2,46,96,58,13,30,41,46,36,74,25,85,99,42,11,34,63,61,81,12,52,8,28,16,6
72,25,82,10,11,7,65,57,42,92,62,3,45,49,63,48,63,76,94,85,15,98,38,91,7,19,67,97,52,70,25,9,34,50,47,91,32,40,81,3,3,92,68,10,68,6,36,10,97,6,22,96,75,66,91,21,59,34,22,81,11,19,1,28,33,92,55,39,88,81,6,0,52,60,91,5,73,13,8,53,16,99,71,12,39,69,85,73,4,45,16,3,56,2,3,33,30,62,44,68
40,31,37,68,8,90,12,15,43,45,63,44,18,20,36,41,87,68,13,92,92,92,51,86,24,70,97,57,48,59,97,15,1,18,21,86,42,83,3,9,72,57,91,56,80,51,58,12,78,58,77,82,9,32,12,35,80,95,39,35,40,81,78,90,97,99,40,70,87,96,70,26,38,35,69,63,61,14,82,84,41,71,16,52,28,23,68,11,45,43,22,25,39,83,11,31,69,59,33,63
28,48,73,15,18,88,27,90,20,39,31,82,88,18,94,44,58,11,31,53,16,5,53,21,88,61,72,73,99,31,13,78,45,42,75,79,98,87,66,47,15,53,25,96,73,1,29,11,55,96,97,31,57,24,52,36,59,62,43,25,13,49,47,33,69,91,85,2,84,19,35,22,40,34,40,67,1,69,25,74,17,28,47,20,65,1,81,12,19,24,0,94,48,53,65,86,92,82,5,21
72,82,55,15,76,12,98,43,69,87,82,87,52,75,29,60,70,77,55,55,20,75,7,27,60,74,46,90,0,68,79,6,55,76,90,93,12,99,61,5,10,51,9,60,33,26,49,92,66,59,68,41,78,57,90,78,77,77,20,25,16,3,92,13,79,49,70,96,67,1,92,65,17,78,1,94,69,60,36,2,90,95,79,83,15,4,88,78,88,45,12,59,29,39,44,45,23,13,17,61
2,10,40,11,98,97,83,90,94,41,30,39,74,12,37,28,13,96,49,48,1,74,63,62,90,45,90,74,90,40,22,64,69,23,20,68,66,30,43,74,19,98,45,5,78,63,28,24,99,69,98,63,0,23,92,76,99,2,41,38,58,12,17,3,65,3,4,76,23,81,20,57,65,37,68,29,92,54,40,53,32,43,21,87,0,29,47,7,50,37,55,72,18,35,43,54,71,84,66,20
18,57,4,57,34,88,90,36,30,24,12,61,83,91,14,88,67,70,52,17,40,60,50,92,59,99,63,42,28,63,0,28,59,53,24,51,28,82,56,61,18,11,38,47,54,65,30,18,35,53,92,78,69,89,79,49,91,19,80,34,24,58,10,34,21,90,88,27,2,76,73,91,41,34,27,95,28,54,85,66,52,46,54,35,71,42,94,85,14,24,38,78,50,18,94,67,4,33,86,70
64,89,6,38,50,80,74,14,65,21,24,33,25,28,86,38,86,5,58,92,5,77,50,67,56,31,34,37,20,21,56,29,13,67,56,23,39,56,92,29,4,45,16,88,69,31,4,41,38,15,59,67,0,30,36,50,95,79,69,83,95,97,84,52,79,24,36,1,53,79,3,89,10,16,40,48,24,85,93,75,43,21,1,18,83,42,41,0,31,59,38,67,47,41,52,42,35,49,84,88
65,91,17,73,3,10,49,74,28,37,18,12,8,51,69,18,37,33,71,96,91,72,90,1,96,65,55,91,78,6,29,45,67,63,29,94,62,41,10,97,57,97,77,72,72,48,16,99,97,25,90,61,71,57,7,99,51,94,33,72,21,15,16,98,17,16,92,49,2,99,55,7,4,74,67,68,65,81,65,37,3,66,70,25,63,19,69,28,20,98,79,32,72,25,10,62,99,75,70,45
96,51,47,33,67,70,1,53,79,64,3,8,73,94,78,84,72,92,28,67,69,80,48,33,2,39,58,57,58,62,64,5,32,32,26,23,86,9,84,23,49,69,31,96,66,7,77,89,94,87,18,51,24,20,63,6,13,53,21,48,66,13,87,66,51,17,86,51,33,1,49,47,52,72,56,35,8,28,50,83,6,83,11,47,1,82,79,37,90,34,35,90,71,61,86,48,83,48,96,65
77,50,41,65,68,0,20,83,87,90,58,37,27,55,81,92,45,72,99,49,19,25,5,48,50,3,92,72,42,89,18,73,87,61,63,43,90,15,73,49,21,29,51,76,80,31,87,15,29,90,11,88,20,56,62,86,82,70,98,74,93,40,18,55,24,62,41,34,32,82,0,48,40,10,50,86,79,36,35,13,13,64,61,67,82,46,60,92,69,5,2,25,30,22,63,20,7,76,39,96
32,96,50,39,24,87,66,40,61,76,7,17,57,91,53,62,69,17,56,94,63,39,51,68,30,38,37,32,28,79,82,29,28,88,68,78,38,19,44,66,6,5,14,15,84,4,8,18,17,21,15,92,69,78,24,25,14,35,57,29,99,71,84,20,49,70,28,74,7,93,87,23,76,5,90,84,41,10,50,23,96,88,85,77,54,6,94,14,5,47,51,13,52,88,5,99,5,26,13,13
73,98,42,19,3,13,56,91,96,70,96,33,72,28,42,23,46,25,88,36,59,71,6,54,79,7,45,33,21,37,87,99,33,8,30,75,63,53,18,27,58,52,12,44,15,77,61,41,64,39,42,12,48,91,69,8,62,12,82,96,28,31,45,54,92,24,90,58,34,61,90,83,22,94,57,6,22,65,20,96,15,96,33,19,69,24,25,33,13,99,86,5,23,99,14,33,93,58,53,62
18,18,19,44,0,7,61,41,40,35,72,99,80,95,79,45,51,83,18,90,7,90,48,50,42,75,85,1,25,79,62,44,10,41,18,52,52,23,77,96,94,61,90,2,80,43,77,23,35,34,96,62,48,78,93,52,10,60,83,25,37,44,96,74,83,10,89,12,67,26,83,43,76,47,2,4,4,45,72,66,76,63,83,34,27,11,26,14,68,91,14,24,57,99,38,50,22,14,47,15
20,22,50,45,34,65,25,81,92,80,19,99,52,2,68,12,21,51,84,45,34,0,96,55,0,16,6,39,96,64,13,19,65,79,98,48,45,56,92,84,0,31,96,34,42,10,78,22,90,61,26,52,26,99,0,34,17,53,60,22,39,11,84,41,64,17,44,33,11,15,85,68,95,25,75,54,50,0,89,17,33,54,40,75,84,69,3,86,71,74,16,10,20,0,97,22,98,78,43,63
49,5,43,9,13,60,9,92,41,81,45,86,18,95,12,56,61,9,60,99,42,94,66,62,40,71,71,9,42,23,22,75,26,33,4,73,46,20,72,17,29,75,60,41,33,24,2,59,24,83,38,74,3,89,21,46,25,68,51,24,9,44,19,71,45,26,11,58,88,13,59,46,70,69,95,18,33,17,35,11,10,28,28,88,46,41,89,3,84,53,96,25,81,75,81,87,43,64,26,88
31,24,31,35,50,22,18,64,35,17,70,50,1,82,67,39,40,41,82,49,10,69,31,75,82,58,59,26,66,90,57,62,9,35,31,39,31,51,87,57,61,89,68,77,83,16,39,38,99,3,13,91,25,3,81,36,2,36,26,76,85,8,19,12,30,93,99,46,93,93,25,48,26,79,61,87,34,87,48,45,1,24,91,99,79,58,48,49,71,87,7,77,91,33,86,22,10,87,72,53
18,70,38,38,45,5,96,35,28,37,87,17,73,70,78,53,79,36,91,33,60,31,32,41,9,89,13,54,12,3,9,39,84,60,48,17,51,57,70,16,5,18,40,74,40,71,58,67,64,41,2,34,61,41,6,63,93,4,5,44,65,9,69,91,31,80,98,19,24,69,42,7,8,9,73,73,90,75,20,90,20,73,35,18,43,61,71,42,26,4,16,4,35,4,12,84,51,88,4,5
73,2,66,17,32,48,14,29,22,24,57,14,21,22,41,12,48,95,85,24,58,60,88,54,37,82,24,46,68,67,16,55,92,19,1,83,96,91,79,73,31,38,73,75,20,75,99,96,4,31,44,76,22,53,52,94,88,50,18,86,94,85,76,64,81,9,2,12,31,83,85,48,75,14,44,88,38,48,26,96,11,66,95,36,19,79,86,56,68,35,56,52,54,26,44,69,30,85,68,21
58,58,74,52,71,80,56,14,45,48,22,63,12,81,17,60,86,86,99,77,14,32,17,82,38,69,79,8,3,28,61,58,60,36,30,35,15,30,51,62,67,33,36,63,84,39,28,88,64,96,47,40,66,68,78,97,27,51,15,86,74,42,14,90,46,90,22,13,77,94,89,59,3,12,11,80,69,34,4,88,7,12,68,28,69,58,73,82,83,47,14,97,30,87,10,37,54,35,37,1
85,79,90,89,0,81,34,17,70,42,56,46,58,41,83,50,49,80,38,19,42,62,94,60,40,2,79,47,34,5,0,57,14,79,42,1,0,83,64,22,46,76,86,57,39,78,56,58,93,84,62,2,34,10,37,47,23,57,15,3,27,27,77,0,6,38,82,78,49,33,58,33,91,71,89,34,94,36,75,75,21,52,46,24,40,44,54,27,65,16,84,45,20,38,9,54,79,43,13,49
76,1,62,46,23,71,76,24,50,42,54,4,70,15,9,77,29,88,22,5,45,10,82,40,82,35,71,40,15,63,98,25,98,71,27,71,40,77,19,24,33,31,93,5,5,90,94,17,94,90,91,34,47,92,74,38,51,31,5,57,17,69,44,46,27,15,38,29,41,8,62,33,97,68,60,3,58,60,92,9,78,65,99,38,26,9,74,10,39,69,70,7,79,88,42,8,64,42,1,60
84,34,80,51,70,85,81,57,49,81,7,83,82,35,54,1,13,15,24,81,2,50,39,86,55,83,85,21,26,52,21,46,99,21,82,54,2,20,46,21,52,12,6,99,90,29,94,85,33,6,43,24,52,4,47,87,58,54,80,27,24,97,41,38,86,74,83,91,59,42,40,51,27,59,22,75,12,67,92,77,95,20,47,30,10,31,58,93,28,81,1,57,57,18,23,25,93,7,99,62
48,63,83,70,58,29,98,20,86,79,30,26,35,68,19,5,19,63,25,21,81,7,33,62,60,12,64,45,51,80,54,52,59,84,18,8,45,44,18,26,88,27,35,66,31,73,3,38,93,96,73,90,63,12,25,2,64,89,85,93,29,23,50,76,53,66,30,84,63,24,37,52,56,90,51,94,97,78,53,89,89,24,15,43,66,96,80,86,69,48,2,40,86,57,21,32,33,75,64,87
76,30,95,29,49,9,96,7,75,80,76,6,83,89,90,16,94,46,57,91,10,45,32,26,12,57,7,20,22,39,33,29,95,92,41,26,35,72,85,93,82,84,32,4,20,73,50,80,12,75,62,56,34,56,79,24,56,58,80,15,23,78,66,70,87,45,23,46,98,25,52,82,71,85,97,37,98,43,87,47,9,67,63,19,5,89,89,44,64,51,56,82,91,69,76,9,1,8,48,60
47,27,56,60,21,73,50,46,66,77,85,78,50,52,11,70,55,7,78,78,59,88,92,78,73,86,25,98,47,95,1,85,54,85,88,21,10,96,87,3,82,49,14,63,67,31,76,5,70,88,74,49,63,92,97,0,35,44,12,0,85,0,0,63,36,99,58,4,39,55,87,28,38,59,48,3,80,2,45,51,93,76,3,79,4,99,77,96,52,93,51,7,96,96,11,61,50,74,89,18
64,61,93,3,65,94,40,33,41,61,33,72,45,32,77,91,62,32,9,60,32,88,44,31,10,31,10,14,28,19,78,44,93,35,53,68,17,24,13,92,85,31,1,79,85,57,33,69,32,54,92,4,72,55,39,27,81,82,31,35,45,92,0,19,48,72,61,21,49,96,62,22,24,55,85,12,34,40,22,84,8,29,76,30,2,64,88,3,49,76,60,62,35,10,40,3,91,25,51,15
98,43,33,52,55,6,11,25,59,26,93,37,44,64,90,52,65,78,32,63,29,73,23,43,41,27,64,87,64,35,99,98,67,2,75,42,23,61,30,93,36,37,46,97,14,10,76,1,42,38,61,2,53,84,96,97,81,69,53,33,17,15,19,18,95,31,84,42,84,22,32,77,40,63,22,75,17,28,46,25,45,85,42,71,38,21,61,19,84,24,94,23,14,82,9,23,99,60,52,16
0,64,45,74,71,94,75,4,22,16,56,16,42,15,34,68,53,25,11,55,16,26,29,58,27,59,94,91,69,81,53,95,40,33,65,32,23,98,73,86,86,5,62,92,5,71,0,81,48,36,66,88,3,9,18,15,31,13,79,71,48,33,45,54,70,17,42,38,17,80,19,24,78,78,7,91,71,83,39,64,62,8,83,29,88,23,19,49,75,15,3,35,52,37,77,5,77,95,45,30
82,32,76,14,75,96,56,47,59,60,25,27,70,44,90,65,96,90,65,67,52,52,55,62,37,85,73,11,58,17,19,48,16,55,30,50,52,49,56,20,56,19,85,58,91,83,3,11,23,54,71,50,49,41,39,70,87,56,56,42,52,31,11,96,98,33,46,28,52,0,37,59,19,58,73,2,78,31,13,7,9,20,11,74,51,68,96,84,16,18,47,88,74,81,91,99,90,19,75,16
71,25,73,38,98,69,55,94,51,57,79,31,37,67,33,41,72,32,33,33,96,86,53,65,48,66,63,2,64,56,30,19,9,66,30,42,69,50,44,56,24,98,1,89,93,51,87,57,76,75,23,16,18,4,77,6,77,21,28,4,93,99,15,99,26,60,63,44,35,91,93,99,33,89,54,28,57,30,7,11,84,77,47,86,9,32,67,88,98,83,54,46,92,75,82,97,99,99,75,34
85,30,24,76,61,31,35,82,20,82,17,97,32,57,62,40,76,26,27,43,7,66,10,42,23,59,1,72,64,60,12,0,53,70,89,77,23,80,56,20,83,6,2,37,5,46,32,98,96,15,96,59,81,17,48,12,14,16,50,9,9,92,80,56,28,69,42,48,17,5,55,46,62,45,60,37,0,43,86,20,53,83,7,80,86,56,52,14,7,36,65,2,87,72,16,23,12,40,39,87
90,75,30,62,30,69,38,81,88,18,88,52,63,17,46,40,53,64,27,89,38,33,24,68,13,69,18,10,63,75,32,56,26,71,56,9,2,65,72,9,11,32,67,1,0,55,91,94,22,9,24,57,89,97,29,60,91,88,60,60,48,36,65,91,91,20,23,4,23,55,24,43,97,39,28,56,75,25,15,62,51,71,68,88,30,73,34,25,36,30,68,54,55,14,5,74,88,81,62,96
80,19,45,0,41,32,50,79,76,81,64,37,20,76,96,46,76,72,79,65,76,89,19,57,73,46,9,89,23,77,7,36,92,46,72,1,59,5,95,62,96,28,70,64,55,59,42,45,92,8,96,94,36,80,54,32,53,99,95,87,85,69,36,28,97,4,18,23,25,13,1,96,68,83,47,17,26,10,19,80,90,93,54,13,18,66,99,79,86,32,38,84,84,87,94,88,44,31,73,94
35,29,47,70,34,42,21,78,48,68,3,20,60,14,94,59,90,87,7,52,31,96,53,38,68,5,70,79,29,82,28,65,33,9,95,57,68,55,72,54,4,12,83,6,95,89,2,92,81,26,81,79,25,59,7,45,29,21,97,63,70,54,60,26,85,42,1,14,48,61,15,18,76,83,89,23,56,13,87,0,59,22,24,24,47,86,79,85,65,36,51,21,84,58,44,2,42,36,78,56
70,87,44,81,27,2,79,7,86,28,72,7,89,39,86,71,23,15,90,34,77,7,79,43,79,65,24,54,94,58,20,69,8,60,33,37,16,7,68,31,49,84,33,71,38,17,3,66,48,53,31,86,42,87,37,9,76,61,17,65,5,95,60,66,58,50,41,34,83,98,74,1,25,64,83,87,17,73,81,92,20,49,51,20,4,91,89,24,84,78,83,56,84,12,89,7,87,13,74,44
46,14,45,55,38,31,91,17,16,68,87,12,49,94,13,74,87,97,42,25,14,46,70,1,44,74,51,66,5,89,52,28,72,15,91,3,6,44,43,35,1,15,15,95,22,27,70,25,39,50,30,27,50,24,9,50,0,97,18,14,82,72,27,55,50,19,30,64,44,24,56,7,21,48,66,82,38,27,92,66,40,93,71,68,69,80,55,9,85,85,62,50,11,87,50,42,15,55,57,6
56,34,73,29,37,94,87,69,87,51,15,73,49,7,45,0,52,82,33,77,86,35,23,22,61,93,65,90,53,58,70,12,85,40,90,98,78,71,12,11,26,69,22,13,66,66,42,2,23,28,96,18,60,44,10,5,74,14,34,2,56,42,94,81,46,90,53,9,28,96,67,42,70,42,83,28,90,50,55,55,77,13,6,99,7,84,13,70,71,93,13,9,51,65,42,9,41,35,68,83
7,98,37,61,59,25,63,93,99,69,99,73,97,55,34,58,71,16,42,15,3,68,73,65,81,82,7,92,75,19,18,7,1,98,69,63,10,99,75,66,68,37,26,1,80,29,14,28,31,63,58,83,10,29,14,23,74,75,76,85,70,26,50,24,88,48,30,77,30,39,61,28,76,84,5,36,80,68,3,71,87,68,15,18,41,69,73,92,13,8,91,99,50,92,96,73,43,97,28,6
45,24,19,7,54,43,85,98,77,93,15,44,3,11,52,12,20,66,14,70,51,88,1,36,47,55,85,53,81,63,64,78,41,2,4,61,16,87,48,39,22,77,92,63,22,22,87,9,63,18,45,73,83,48,5,78,78,84,86,62,95,16,21,66,15,69,11,10,41,68,2,63,12,44,89,72,43,56,77,21,9,25,36,19,44,43,8,76,64,30,17,2,22,55,96,89,38,92,32,9
88,93,24,41,18,2,8,64,56,88,82,64,91,22,75,23,14,67,86,54,33,42,8,53,19,81,60,4,87,4,24,4,73,10,65,6,20,57,92,90,24,20,1,67,97,0,66,64,92,29,65,53,98,27,43,90,33,79,86,44,21,49,40,21,34,61,54,3,64,78,40,13,56,59,44,41,94,16,43,95,55,8,53,14,21,40,38,82,36,7,53,54,47,39,11,25,19,76,87,67
86,48,61,61,30,3,86,59,90,49,66,62,21,30,1,5,0,16,94,21,24,56,21,10,46,84,85,29,5,34,44,98,18,17,38,84,49,40,80,65,59,19,68,49,99,75,95,28,58,23,18,54,81,64,17,82,2,13,78,64,10,14,36,53,3,25,52,15,49,17,74,88,0,95,62,58,18,42,92,77,91,26,6,41,86,14,31,83,19,26,4,38,59,0,0,63,89,76,73,8
62,26,86,66,47,64,62,86,17,95,60,59,34,41,95,50,99,34,1,1,41,71,72,65,46,78,11,96,24,66,90,97,31,26,19,23,8,46,37,40,76,95,85,95,29,44,63,64,16,46,76,9,28,45,47,78,50,40,93,51,40,56,26,41,80,66,12,91,0,81,27,6,70,24,72,13,26,82,76,14,31,41,48,96,13,43,22,75,3,12,50,84,25,26,63,49,59,43,41,17
47,81,50,46,7,2,40,25,8,48,28,5,38,29,97,3,13,40,74,52,71,60,99,15,26,94,6,28,5,61,42,51,64,16,69,71,93,16,89,64,35,30,34,89,6,43,86,62,79,27,74,95,27,87,12,32,12,81,21,65,15,41,51,1,80,55,35,36,23,82,75,33,37,48,89,63,84,44,61,80,7,36,17,76,82,40,16,74,71,53,74,25,22,3,19,59,20,27,7,7
78,22,53,63,70,99,4,57,26,77,93,49,85,16,53,99,16,10,87,92,42,97,37,27,64,46,90,32,42,44,8,84,18,11,3,30,72,58,64,55,29,54,7,22,36,30,1,54,59,12,39,14,39,99,89,91,73,95,20,38,73,80,43,36,99,18,4,12,86,10,59,66,33,95,7,26,4,52,44,5,16,16,17,4,64,76,31,2,16,5,57,19,55,80,6,73,87,92,78,5
30,14,34,1,18,21,60,31,59,81,85,64,98,95,14,75,12,62,38,86,16,80,26,52,29,89,18,34,32,34,90,7,42,79,68,17,35,53,33,70,14,30,61,98,36,7,67,41,6,74,5,6,15,12,27,57,37,43,44,78,74,65,84,69,63,58,9,8,2,16,45,5,98,97,34,22,18,7,70,2,91,53,84,36,40,9,4,68,87,88,88,55,48,9,90,13,20,65,3,16
12,34,73,93,58,34,60,63,76,60,19,27,70,50,79,88,37,93,62,99,53,74,34,17,86,1,81,88,51,57,88,14,72,12,30,16,63,38,67,22,49,81,30,70,84,22,93,26,62,33,19,63,72,34,73,40,55,32,4,41,98,22,12,45,96,24,96,73,88,9,77,24,90,64,14,42,99,79,82,38,21,53,22,44,39,95,46,40,20,76,23,20,97,48,51,23,2,25,51,39
87,41,86,50,15,26,80,23,53,5,39,55,45,44,72,4,53,93,25,91,65,83,75,82,0,6,96,42,44,38,57,71,68,26,19,55,98,43,62,57,82,15,61,41,50,91,17,57,77,12,82,94,51,49,40,37,46,2,27,33,58,41,24,16,98,0,98,91,94,77,26,19,94,46,40,36,33,98,91,22,2,94,86,43,33,12,96,66,22,13,96,28,35,28,87,4,63,94,41,91
39,57,68,73,13,51,63,49,57,74,1,25,7,40,68,36,79,24,50,18,19,74,60,68,9,33,78,15,27,71,38,79,32,29,20,1,15,61,83,67,49,7,67,12,47,58,81,21,33,19,57,69,78,39,9,79,17,89,38,99,60,86,88,37,82,80,20,33,67,71,40,77,70,95,68,11,89,87,13,24,51,27,22,77,60,55,63,61,44,9,46,25,53,34,12,46,39,74,61,57
0,2,17,5,3,80,58,32,35,43,78,9,98,1,47,42,97,89,84,23,86,92,84,60,88,44,22,12,17,12,53,67,45,10,86,89,45,85,55,58,10,52,36,36,76,65,78,22,19,94,18,95,97,22,53,56,87,33,30,16,46,11,57,25,66,90,99,91,49,52,14,40,12,87,56,10,62,28,69,73,76,88,0,95,41,86,29,14,71,92,45,43,67,14,84,62,97,10,7,19
72,23,95,26,62,91,11,97,20,54,75,37,41,31,4,43,41,87,45,69,51,56,5,79,38,28,11,19,81,96,6,3,8,46,37,50,82,30,95,25,89,30,5,21,0,17,65,65,17,41,58,85,17,26,63,92,81,78,10,0,50,70,17,66,45,65,9,93,52,68,54,5,75,83,76,66,73,28,47,89,16,81,71,5,81,75,17,30,22,23,2,7,50,93,88,15,40,99,16,6
18,20,54,82,15,70,31,65,65,2,50,37,43,13,48,94,26,41,14,50,17,90,46,66,58,35,45,64,95,3,1,93,13,26,14,46,14,41,34,80,9,11,38,88,83,34,75,19,65,55,38,95,91,75,72,24,32,40,31,24,15,87,60,51,68,48,52,95,57,20,20,8,76,83,89,42,59,41,48,6,43,79,6,46,0,57,63,40,75,33,54,57,20,26,35,44,76,47,39,30
57,87,9,14,9,37,92,79,65,70,23,78,3,80,17,79,35,5,43,52,86,43,6,20,82,70,86,87,62,12,11,20,55,98,59,55,31,75,2,78,58,24,10,44,11,41,65,54,70,65,97,98,65,25,98,67,23,21,12,37,0,7,90,47,38,21,50,15,89,92,80,33,58,0,55,9,10,16,1,92,85,69,46,39,34,81,66,1,3,82,22,62,85,8,34,64,36,61,15,98
16,85,28,52,9,48,28,9,37,74,99,91,15,23,20,8,56,67,23,76,89,43,72,72,89,93,83,36,45,26,67,9,96,66,72,2,15,13,51,71,30,32,3,86,27,90,37,98,11,76,20,70,64,14,20,91,55,45,15,66,75,62,22,30,32,80,95,65,96,79,58,12,32,36,74,94,26,47,46,57,62,72,10,57,90,53,43,33,78,74,56,59,83,47,84,96,57,20,54,32
36,68,55,37,76,18,97,43,11,31,12,86,61,39,83,45,27,80,2,8,82,65,52,81,62,73,92,64,20,31,28,37,40,88,78,74,61,66,4,74,70,30,28,21,95,18,52,68,70,30,97,62,60,65,29,64,57,29,16,70,16,45,43,20,24,64,18,3,43,13,60,54,13,60,48,23,34,73,63,55,52,83,59,52,1,3,60,98,84,32,57,65,75,25,76,48,40,25,74,5
0,63,76,7,38,41,70,56,98,83,31,3,34,71,7,89,78,55,49,1,18,8,51,34,39,15,82,14,37,40,81,63,74,52,37,38,26,82,16,21,10,52,75,6,1,28,41,90,17,11,8,13,88,72,40,0,76,76,63,23,69,28,70,98,70,88,73,52,57,10,87,31,16,26,69,82,54,46,71,49,52,29,83,44,47,15,85,8,90,83,92,70,49,32,2,86,94,38,51,66
4,18,8,78,82,19,64,52,96,40,59,14,41,52,34,95,16,80,9,32,27,28,78,24,2,19,17,8,32,60,55,7,48,71,92,22,41,89,4,26,84,51,18,16,27,66,86,22,87,67,29,41,39,92,65,27,37,75,31,42,96,94,82,3,81,63,30,77,85,75,13,53,70,6,50,61,48,94,46,61,14,93,34,14,89,25,54,31,13,12,72,11,1,35,23,37,26,69,1,28
44,34,69,93,92,18,92,66,65,23,94,42,14,49,53,6,89,79,31,96,94,37,81,73,22,86,32,67,35,23,46,77,97,49,27,14,69,57,9,80,96,55,31,21,36,58,51,6,26,14,83,50,9,68,15,25,95,8,34,99,1,18,59,58,46,71,37,93,88,45,84,92,22,89,56,36,14,49,52,81,92,59,91,11,63,23,6,43,1,59,46,20,43,35,91,82,17,77,39,62
63,92,10,35,98,52,25,78,48,34,44,65,96,23,67,51,40,71,89,56,80,45,62,95,15,72,93,69,9,78,27,28,3,64,96,54,47,7,77,95,31,32,80,20,9,99,48,26,12,23,76,64,3,25,43,54,22,14,11,65,57,94,46,45,65,23,8,15,49,50,56,95,54,28,62,46,65,20,92,9,83,71,25,67,13,37,73,34,74,51,83,33,84,89,87,35,22,26,91,65
27,36,74,94,85,25,96,61,15,83,17,31,89,79,39,55,30,46,67,79,89,92,15,29,74,55,26,13,20,35,88,40,53,77,59,36,30,91,72,12,45,73,59,31,92,19,42,58,84,98,43,55,39,89,22,45,43,65,25,9,33,82,76,69,92,38,19,72,54,73,71,6,58,82,40,72,68,44,2,78,4,89,68,86,44,5,96,18,47,21,29,77,44,88,76,75,16,3,25,70
40,93,30,10,4,5,8,82,74,23,46,58,28,76,77,70,55,69,75,17,32,28,30,82,70,88,48,91,96,83,58,57,19,78,69,80,42,88,28,76,7,58,1,71,2,76,69,57,50,0,63,79,75,52,1,65,23,26,49,4,73,22,83,34,89,34,14,59,55,52,29,61,90,87,79,97,40,18,85,2,54,39,81,12,24,83,12,2,5,50,80,69,49,52,80,90,67,91,41,33
9,41,55,98,14,34,13,35,81,23,56,62,56,80,69,94,93,39,85,52,74,92,5,41,62,61,42,90,37,55,35,5,24,99,49,87,6,21,17,67,49,81,71,29,48,16,24,57,15,79,69,8,67,13,76,10,52,99,18,47,95,70,66,29,81,98,53,51,54,68,59,6,81,47,54,50,27,38,58,54,53,93,95,56,77,29,14,29,92,83,99,42,8,40,21,10,85,26,70,39
98,49,42,66,32,10,38,96,48,38,25,19,1,95,55,24,23,98,62,80,56,97,92,70,78,78,21,45,91,23,27,15,1,22,12,97,20,22,83,83,91,52,84,27,76,17,64,67,5,18,73,54,9,88,56,2,64,25,41,23,38,67,24,16,42,60,6,31,21,89,59,94,46,1,25,23,99,20,42,63,98,47,99,90,77,82,90,49,74,78,48,75,50,10,40,16,41,82,92,79
92,30,11,88,41,12,57,49,59,85,91,33,64,89,16,41,35,46,84,7,51,51,42,41,95,84,97,32,22,9,20,95,15,85,19,71,51,53,46,45,29,25,17,46,42,61,5,23,57,43,16,0,62,18,66,76,29,52,94,33,52,96,93,27,7,50,17,12,81,53,30,23,60,54,56,2,92,21,39,33,22,88,92,38,67,55,53,49,84,41,97,87,74,40,8,53,17,57,47,21
34,13,49,85,68,87,73,46,94,55,2,33,23,91,17,30,76,52,85,18,86,90,79,69,57,30,88,0,86,57,96,2,87,6,63,68,86,60,76,60,67,93,32,42,14,71,17,81,29,37,36,45,84,33,56,30,6,91,42,77,76,12,56,36,29,81,60,71,82,68,56,25,93,43,8,89,86,72,35,92,42,2,78,41,65,60,25,56,4,51,22,94,15,91,25,68,48,43,53,93
98,98,56,71,25,58,20,19,37,12,14,98,46,56,76,95,66,84,51,41,2,92,23,65,93,56,24,79,57,8,2,4,35,36,29,66,55,50,37,91,94,47,12,53,1,85,5,62,25,4,98,77,41,36,47,53,30,43,86,45,40,31,31,64,27,71,23,48,13,99,75,11,8,58,95,0,2,68,66,12,81,27,16,27,24,72,52,89,40,24,80,78,49,20,46,9,53,97,3,23
27,41,9,99,0,81,49,8,30,89,76,13,84,1,74,58,85,30,14,79,59,14,61,59,93,93,93,43,51,49,51,62,97,61,87,59,55,70,96,14,14,21,88,85,97,45,24,98,56,69,12,90,43,60,85,6,59,1,23,68,53,25,69,82,61,28,33,65,60,4,45,42,47,68,49,96,82,31,0,12,75,62,59,65,25,8,8,34,15,80,92,97,76,6,0,21,3,27,51,38
84,23,95,76,53,74,13,52,7,72,15,47,66,99,35,23,74,19,73,44,70,4,16,77,94,88,44,68,0,58,1,81,22,55,52,18,96,23,23,4,6,67,9,19,4,50,97,57,44,57,86,56,8,97,72,70,59,14,54,31,90,49,2,82,88,61,40,1,71,55,13,85,79,12,17,95,54,43,3,58,82,29,20,0,69,0,27,84,14,39,36,86,86,3,95,36,21,4,74,76
63,20,9,75,9,46,52,75,12,79,31,15,6,66,89,24,42,35,42,86,47,57,32,56,9,54,57,20,0,53,72,24,58,83,7,78,6,16,14,67,30,82,12,1,70,2,65,52,31,26,58,30,6,76,38,68,29,39,3,98,97,61,62,79,75,58,54,47,16,91,10,48,87,80,5,55,84,67,3,17,94,80,87,16,33,93,49,70,37,81,56,89,34,78,56,98,95,57,62,14
65,32,80,82,5,33,11,59,34,31,73,10,51,3,93,46,41,11,12,9,32,99,31,10,54,16,62,93,37,81,90,29,92,82,19,73,76,70,95,40,49,50,27,92,17,58,72,13,25,53,63,16,97,47,51,20,2,14,0,49,22,67,53,59,43,66,5,24,4,39,36,52,91,1,93,14,64,69,84,33,51,81,60,13,75,12,2,14,64,44,54,5,14,78,92,85,12,94,13,54
56,60,11,62,39,42,11,24,31,6,28,78,35,43,7,60,56,4,30,95,84,45,57,51,79,43,69,73,11,11,22,66,78,80,71,94,28,43,42,31,16,2,86,16,23,87,12,33,84,39,65,28,86,52,74,75,97,75,78,71,91,17,46,58,50,80,21,5,77,80,29,70,14,54,53,62,91,82,0,82,73,0,10,96,65,94,28,42,70,11,21,70,6,65,31,2,94,52,54,23
18,37,51,16,39,82,50,4,79,95,36,76,7,91,69,14,4,47,12,4,64,90,25,30,18,32,36,71,28,80,84,62,93,27,87,78,81,87,98,99,30,7,8,25,23,59,9,10,24,40,40,30,20,65,89,36,5,25,45,38,42,52,94,88,97,99,30,81,54,57,5,67,89,66,12,27,19,43,60,79,17,30,88,72,52,37,73,74,47,96,74,54,51,20,7,15,42,81,17,49
20,60,22,32,48,79,70,52,94,56,33,20,75,91,40,42,98,28,15,84,22,14,93,63,77,64,50,96,2,24,7,99,80,92,23,94,82,68,47,27,5,1,51,33,21,67,76,78,93,88,62,7,7,73,24,50,65,3,8,71,17,37,87,21,86,54,25,45,98,8,26,91,82,31,11,9,57,91,85,19,44,5,77,24,71,73,82,93,53,61,33,76,26,43,40,37,60,75,75,44
19,81,41,74,41,86,30,51,81,36,16,15,82,85,13,65,82,20,80,91,52,78,88,82,60,26,76,47,76,76,48,31,35,95,44,77,52,77,70,88,25,76,27,91,95,5,67,1,55,27,87,30,20,39,73,80,30,35,18,42,18,82,83,8,85,1,77,79,39,26,53,92,94,35,34,38,51,26,60,22,46,81,7,86,97,35,7,8,36,95,0,4,57,4,49,71,60,94,32,14
91,9,10,82,4,22,73,39,7,8,68,28,18,70,27,83,27,74,50,3,48,24,47,20,31,32,15,83,0,49,37,41,98,76,3,23,33,36,0,4,64,88,21,56,14,72,89,42,75,16,44,18,93,96,60,70,56,35,9,38,2,49,42,65,75,93,28,48,28,44,87,7,99,6,62,28,47,22,2,19,76,11,87,19,13,77,75,57,34,95,99,4,66,53,60,46,3,81,93,65
80,13,16,21,38,84,51,94,77,87,82,62,72,56,41,51,31,79,10,5,34,87,15,40,99,30,24,97,85,39,96,24,35,16,67,31,83,75,33,59,26,80,31,19,74,26,10,56,42,84,41,92,35,84,61,16,27,23,58,56,28,41,59,34,95,46,17,68,56,43,79,77,61,98,16,33,52,73,19,10,25,28,99,9,84,80,18,51,56,57,51,50,73,86,23,55,28,79,25,75
89,60,23,7,1,85,89,18,10,13,5,69,19,0,56,78,37,20,16,99,30,83,56,35,77,83,22,87,87,28,73,90,70,86,55,53,64,96,13,14,27,10,62,97,75,87,78,73,21,8,40,0,41,30,59,36,44,72,45,83,76,71,97,55,57,77,88,37,60,3,9,59,4,40,48,71,86,48,59,17,67,93,64,41,20,55,26,26,1,4,61,19,1,31,47,86,83,9,42,99
23,64,49,58,89,28,0,90,96,20,85,90,31,65,42,63,93,8,64,23,19,63,56,96,35,3,29,78,98,27,7,59,65,56,96,88,35,33,46,38,76,9,87,15,94,35,33,65,8,47,21,17,8,39,19,35,67,60,56,11,7,34,59,10,18,87,11,7,17,34,83,97,1,79,94,49,13,16,38,66,2,14,35,32,61,20,2,33,9,23,7,23,69,34,4,17,45,53,97,36
22,40,23,47,67,41,56,8,29,23,58,76,71,57,89,34,32,6,15,46,79,33,63,48,8,23,98,40,63,98,44,56,48,85,53,92,46,42,7,48,30,43,88,18,95,51,72,79,66,41,20,39,95,2,84,29,69,18,70,15,14,1,92,56,62,34,46,77,16,78,32,31,92,68,53,38,12,77,16,2,73,31,30,31,87,81,42,67,28,65,97,11,32,32,23,66,58,42,85,5
30,69,98,66,47,4,0,34,20,63,73,19,59,57,6,77,33,54,17,43,89,0,68,54,33,11,47,30,2,90,16,38,27,34,26,78,55,75,73,77,82,47,43,64,56,48,22,23,95,91,93,5,86,40,38,75,66,5,39,62,97,52,81,11,91,23,18,44,18,12,20,16,32,83,36,64,15,16,50,42,31,15,25,95,1,54,42,50,56,84,70,53,86,84,60,59,95,78,44,46
10,37,60,84,69,95,50,82,53,32,27,0,54,20,85,47,35,89,32,52,62,36,58,58,63,41,25,9,87,36,66,13,45,3,30,26,85,4,23,52,82,2,70,7,73,24,43,44,78,92,93,63,78,42,60,22,86,81,16,64,5,87,28,40,11,50,27,12,57,73,46,2,8,43,83,59,97,56,88,50,80,53,53,39,41,21,67,97,19,89,58,39,61,31,69,31,11,84,33,90
1,10,8,7,57,46,18,7,41,41,62,62,46,29,17,72,40,92,82,87,55,81,44,45,18,48,52,93,28,62,33,98,60,16,51,28,64,27,67,63,5,27,26,33,16,10,1,15,85,22,49,38,56,77,4,20,51,18,12,31,2,73,79,77,43,61,43,3,70,49,7,17,52,95,52,23,9,55,64,60,75,38,30,96,65,67,74,21,89,67,64,50,71,1,76,42,29,80,17,45
64,50,37,65,20,28,98,22,62,58,55,68,16,96,1,52,78,73,13,50,3,32,16,79,51,31,47,12,54,45,93,43,30,90,80,99,37,45,20,54,68,47,27,43,98,15,46,20,84,20,3,22,6,32,67,28,39,60,85,19,25,26,20,8,73,40,22,26,37,95,97,37,64,89,28,1,59,71,52,82,16,35,66,60,18,31,15,82,22,70,49,92,83,8,94,9,21,92,48,95
66,1,31,30,41,77,53,58,25,33,55,65,21,99,0,47,18,95,49,38,31,19,3,6,62,77,50,6,29,83,5,79,92,56,85,80,63,35,93,99,0,76,98,64,60,42,57,70,93,74,63,18,82,0,7,81,52,12,3,83,39,16,26,61,83,17,83,83,46,22,67,48,42,28,31,56,30,76,25,41,87,75,19,9,39,68,45,77,54,40,34,56,51,37,12,46,40,32,20,73
56,3,74,7,73,51,74,7,95,63,43,54,29,65,44,85,60,47,74,64,4,80,78,14,90,42,29,30,55,13,91,28,48,36,93,3,72,80,45,97,97,47,37,26,93,66,5,35,63,38,61,21,77,93,90,18,3,64,27,86,52,93,29,16,41,0,77,10,80,16,26,61,63,55,65,23,0,82,64,88,3,22,7,50,17,70,26,71,46,76,41,41,28,23,76,45,52,73,72,98
8,96,87,87,41,39,62,19,79,97,19,66,99,98,36,26,74,69,92,93,30,96,72,85,12,23,58,31,10,11,8,79,64,44,92,45,70,39,59,69,83,5,94,15,7,53,58,60,36,98,64,8,16,97,78,10,38,63,25,70,46,17,32,59,14,86,89,95,88,94,87,74,98,53,4,68,99,47,36,18,0,81,86,43,44,78,25,4,43,67,68,76,62,65,4,5,9,19,41,60
77,51,2,21,0,62,79,49,72,84,28,88,40,5,5,96,32,17,47,23,63,10,20,26,17,68,91,84,93,8,20,68,46,21,46,59,56,91,77,1,98,0,80,29,44,32,65,14,71,56,60,83,48,31,47,53,78,65,64,12,92,42,31,87,90,23,10,29,47,18,8,72,79,84,10,5,79,94,98,6,39,67,10,77,32,98,14,85,49,24,33,23,3,10,36,95,21,12,33,86
22,90,54,75,65,97,99,91,89,0,34,94,27,27,32,27,54,2,67,3,62,62,66,28,69,21,85,33,34,13,13,47,24,99,82,25,78,81,68,78,84,13,88,62,92,59,13,66,49,48,43,9,53,69,36,1,86,57,86,73,65,86,7,98,30,53,26,16,16,66,35,23,3,70,16,13,21,91,21,77,58,38,37,8,50,32,38,80,55,26,60,24,83,44,68,13,84,17,70,74
12,22,51,1,21,22,9,64,35,98,61,35,92,37,76,49,64,52,35,61,32,81,84,68,33,59,47,36,32,49,99,77,81,58,69,5,90,40,0,7,33,74,88,96,31,22,6,32,44,13,71,23,49,19,91,32,10,94,78,63,49,28,58,11,31,86,2,89,3,55,90,52,15,62,85,23,14,35,59,22,67,50,16,23,73,52,35,56,62,77,96,63,16,53,32,35,62,7,96,30
39,41,19,99,98,11,45,32,44,18,10,43,70,97,37,60,59,33,65,17,97,76,2,34,49,19,6,82,47,93,99,3,33,71,64,95,85,43,47,69,35,63,65,66,57,46,9,86,47,0,38,43,37,27,45,12,58,70,35,8,49,91,38,97,69,23,19,27,58,4,7,2,82,59,38,46,25,32,91,69,89,35,66,61,68,21,95,46,63,95,21,50,60,22,37,12,5,95,91,32
97,31,84,13,62,19,95,69,2,62,25,66,1,37,50,28,71,13,43,55,98,18,8,67,79,55,39,67,39,47,0,52,21,79,46,32,82,33,74,39,7,85,72,66,78,0,77,90,99,92,64,58,13,43,41,36,42,49,49,38,15,13,58,66,65,52,39,6,15,61,72,10,14,3,6,91,6,13,46,1,76,51,2,3,91,12,12,11,63,42,1,7,57,18,0,8,56,55,64,62
88,55,5,49,92,71,48,70,35,66,36,52,31,3,75,18,51,10,54,14,87,40,82,17,21,32,13,99,52,8,61,81,76,97,11,75,81,69,17,96,27,59,90,29,81,85,94,7,99,80,98,78,11,24,50,72,62,72,75,44,69,19,94,45,9,45,96,80,10,3,60,21,44,66,1,34,16,22,55,80,21,25,21,91,17,87,56,2,13,30,34,73,72,55,11,18,7,50,30,50
